seed = 12345;
pop = 20000;
Inactive_Cycles = 1000;
Active_Cycles = 3000;
Total_CPU_Time = 5.68744E+03;
Total_Transport_Time = 1.78047E+02;
inactive_batchSize = 1;
batchSize = 1;
keff_IMP_PROD = [ 2.05031E+04,3.09856E+00];
keff_IMP_ABS = [ 1.95468E+04,2.19483E+00];
keff_SCATTER_PROD = [ 0.00000E+00,0.00000E+00];
keff_ANA_LEAK = [ 4.49820E+02,4.21266E-01];
keff_K_EFF = [ 1.02532E+00,9.82067E-05];
active_batchSize = 1;

